
fundamental matrix: 
[3.16467213776126, 89.87177139871949, 43.56150537947911;
 -69.77935285399499, 0.2476161016073812, -28.52797516711907;
 -40.34376591988222, 37.34402052014506, 1]

essential matrix: 
[-1635356.82364293, -46441592.7501874, -13378478.55343139;
 36058756.12754458, -127956.5982762288, 30445123.18252704;
 7938333.503360315, -39287420.53962241, -3438469.546384539]

R: 
[-0.9194861339030943, 0.3572793663615275, 0.1640021461208577;
 0.3603971582799523, 0.5994469132924397, 0.7146868450222809;
 0.1570322828709958, 0.716250551494707, -0.6799455931321646]

t: 
[-0.6348662119630374;
 -0.1923016552363994;
 0.7483080691139476]
------------------------------

fundamental matrix: 
[-0.8920456236132713, -97.71475704169394, -22.37925228224315;
 108.3988936703718, -37.54621546399507, -58.3915171789448;
 25.97269569362267, 55.28495685186559, 1]

essential matrix: 
[-460968.0984548255, -50494486.5510742, -13415527.93618731;
 56015556.34277844, -19402155.10111212, 42273396.49901155;
 14061905.94717813, -47610235.836261, -413736.5886926835]

R: 
[-0.9993358105183782, -0.03644027249400149, 0.0002106089711393921;
 -0.03229408618025671, 0.8882790590241718, 0.4581674424235261;
 -0.01688282598849833, 0.4578563310031819, -0.8888658787167759]

t: 
[-0.6366578259057948;
 -0.1927036209105376;
 0.7466807398084367]
------------------------------

fundamental matrix: 
[16.02473306090211, -3679.045911052206, -328.3448941126718;
 3609.094331431931, -44.93450667593616, 1332.452471511252;
 341.7925825133443, -1382.056626231682, 1]
